11111111111111111111111111111111
01010101010101010101010101010101
00110011001100110011001100110011
00010001000100010001000100010001
00001111000011110000111100001111
00000101000001010000010100000101
00000011000000110000001100000011
00000001000000010000000100000001
00000000111111110000000011111111
00000000010101010000000001010101
00000000001100110000000000110011
00000000000100010000000000010001
00000000000011110000000000001111
00000000000001010000000000000101
00000000000000110000000000000011
00000000000000010000000000000001
00000000000000001111111111111111
00000000000000000101010101010101
00000000000000000011001100110011
00000000000000000001000100010001
00000000000000000000111100001111
00000000000000000000010100000101
00000000000000000000001100000011
00000000000000000000000100000001
00000000000000000000000011111111
00000000000000000000000001010101
00000000000000000000000000110011
00000000000000000000000000010001
00000000000000000000000000001111
00000000000000000000000000000101
00000000000000000000000000000011
00000000000000000000000000000001
