1111111111111111111111111111111111111111111111111111111111111111111111111111111111111111111111111111111111111111111111111111111111111111111111111111111111111111111111111111111111111111111111111111111111111111111111111111111111111111111111111111111111111111
1010101010101010101010101010101010101010101010101010101010101010101010101010101010101010101010101010101010101010101010101010101010101010101010101010101010101010101010101010101010101010101010101010101010101010101010101010101010101010101010101010101010101010
1100110011001100110011001100110011001100110011001100110011001100110011001100110011001100110011001100110011001100110011001100110011001100110011001100110011001100110011001100110011001100110011001100110011001100110011001100110011001100110011001100110011001100
1000100010001000100010001000100010001000100010001000100010001000100010001000100010001000100010001000100010001000100010001000100010001000100010001000100010001000100010001000100010001000100010001000100010001000100010001000100010001000100010001000100010001000
1111000011110000111100001111000011110000111100001111000011110000111100001111000011110000111100001111000011110000111100001111000011110000111100001111000011110000111100001111000011110000111100001111000011110000111100001111000011110000111100001111000011110000
1010000010100000101000001010000010100000101000001010000010100000101000001010000010100000101000001010000010100000101000001010000010100000101000001010000010100000101000001010000010100000101000001010000010100000101000001010000010100000101000001010000010100000
1100000011000000110000001100000011000000110000001100000011000000110000001100000011000000110000001100000011000000110000001100000011000000110000001100000011000000110000001100000011000000110000001100000011000000110000001100000011000000110000001100000011000000
1000000010000000100000001000000010000000100000001000000010000000100000001000000010000000100000001000000010000000100000001000000010000000100000001000000010000000100000001000000010000000100000001000000010000000100000001000000010000000100000001000000010000000
1111111100000000111111110000000011111111000000001111111100000000111111110000000011111111000000001111111100000000111111110000000011111111000000001111111100000000111111110000000011111111000000001111111100000000111111110000000011111111000000001111111100000000
1010101000000000101010100000000010101010000000001010101000000000101010100000000010101010000000001010101000000000101010100000000010101010000000001010101000000000101010100000000010101010000000001010101000000000101010100000000010101010000000001010101000000000
1100110000000000110011000000000011001100000000001100110000000000110011000000000011001100000000001100110000000000110011000000000011001100000000001100110000000000110011000000000011001100000000001100110000000000110011000000000011001100000000001100110000000000
1000100000000000100010000000000010001000000000001000100000000000100010000000000010001000000000001000100000000000100010000000000010001000000000001000100000000000100010000000000010001000000000001000100000000000100010000000000010001000000000001000100000000000
1111000000000000111100000000000011110000000000001111000000000000111100000000000011110000000000001111000000000000111100000000000011110000000000001111000000000000111100000000000011110000000000001111000000000000111100000000000011110000000000001111000000000000
1010000000000000101000000000000010100000000000001010000000000000101000000000000010100000000000001010000000000000101000000000000010100000000000001010000000000000101000000000000010100000000000001010000000000000101000000000000010100000000000001010000000000000
1100000000000000110000000000000011000000000000001100000000000000110000000000000011000000000000001100000000000000110000000000000011000000000000001100000000000000110000000000000011000000000000001100000000000000110000000000000011000000000000001100000000000000
1000000000000000100000000000000010000000000000001000000000000000100000000000000010000000000000001000000000000000100000000000000010000000000000001000000000000000100000000000000010000000000000001000000000000000100000000000000010000000000000001000000000000000
1111111111111111000000000000000011111111111111110000000000000000111111111111111100000000000000001111111111111111000000000000000011111111111111110000000000000000111111111111111100000000000000001111111111111111000000000000000011111111111111110000000000000000
1010101010101010000000000000000010101010101010100000000000000000101010101010101000000000000000001010101010101010000000000000000010101010101010100000000000000000101010101010101000000000000000001010101010101010000000000000000010101010101010100000000000000000
1100110011001100000000000000000011001100110011000000000000000000110011001100110000000000000000001100110011001100000000000000000011001100110011000000000000000000110011001100110000000000000000001100110011001100000000000000000011001100110011000000000000000000
1000100010001000000000000000000010001000100010000000000000000000100010001000100000000000000000001000100010001000000000000000000010001000100010000000000000000000100010001000100000000000000000001000100010001000000000000000000010001000100010000000000000000000
1111000011110000000000000000000011110000111100000000000000000000111100001111000000000000000000001111000011110000000000000000000011110000111100000000000000000000111100001111000000000000000000001111000011110000000000000000000011110000111100000000000000000000
1010000010100000000000000000000010100000101000000000000000000000101000001010000000000000000000001010000010100000000000000000000010100000101000000000000000000000101000001010000000000000000000001010000010100000000000000000000010100000101000000000000000000000
1100000011000000000000000000000011000000110000000000000000000000110000001100000000000000000000001100000011000000000000000000000011000000110000000000000000000000110000001100000000000000000000001100000011000000000000000000000011000000110000000000000000000000
1000000010000000000000000000000010000000100000000000000000000000100000001000000000000000000000001000000010000000000000000000000010000000100000000000000000000000100000001000000000000000000000001000000010000000000000000000000010000000100000000000000000000000
1111111100000000000000000000000011111111000000000000000000000000111111110000000000000000000000001111111100000000000000000000000011111111000000000000000000000000111111110000000000000000000000001111111100000000000000000000000011111111000000000000000000000000
1010101000000000000000000000000010101010000000000000000000000000101010100000000000000000000000001010101000000000000000000000000010101010000000000000000000000000101010100000000000000000000000001010101000000000000000000000000010101010000000000000000000000000
1100110000000000000000000000000011001100000000000000000000000000110011000000000000000000000000001100110000000000000000000000000011001100000000000000000000000000110011000000000000000000000000001100110000000000000000000000000011001100000000000000000000000000
1000100000000000000000000000000010001000000000000000000000000000100010000000000000000000000000001000100000000000000000000000000010001000000000000000000000000000100010000000000000000000000000001000100000000000000000000000000010001000000000000000000000000000
1111000000000000000000000000000011110000000000000000000000000000111100000000000000000000000000001111000000000000000000000000000011110000000000000000000000000000111100000000000000000000000000001111000000000000000000000000000011110000000000000000000000000000
1010000000000000000000000000000010100000000000000000000000000000101000000000000000000000000000001010000000000000000000000000000010100000000000000000000000000000101000000000000000000000000000001010000000000000000000000000000010100000000000000000000000000000
1100000000000000000000000000000011000000000000000000000000000000110000000000000000000000000000001100000000000000000000000000000011000000000000000000000000000000110000000000000000000000000000001100000000000000000000000000000011000000000000000000000000000000
1000000000000000000000000000000010000000000000000000000000000000100000000000000000000000000000001000000000000000000000000000000010000000000000000000000000000000100000000000000000000000000000001000000000000000000000000000000010000000000000000000000000000000
1111111111111111111111111111111100000000000000000000000000000000111111111111111111111111111111110000000000000000000000000000000011111111111111111111111111111111000000000000000000000000000000001111111111111111111111111111111100000000000000000000000000000000
1010101010101010101010101010101000000000000000000000000000000000101010101010101010101010101010100000000000000000000000000000000010101010101010101010101010101010000000000000000000000000000000001010101010101010101010101010101000000000000000000000000000000000
1100110011001100110011001100110000000000000000000000000000000000110011001100110011001100110011000000000000000000000000000000000011001100110011001100110011001100000000000000000000000000000000001100110011001100110011001100110000000000000000000000000000000000
1000100010001000100010001000100000000000000000000000000000000000100010001000100010001000100010000000000000000000000000000000000010001000100010001000100010001000000000000000000000000000000000001000100010001000100010001000100000000000000000000000000000000000
1111000011110000111100001111000000000000000000000000000000000000111100001111000011110000111100000000000000000000000000000000000011110000111100001111000011110000000000000000000000000000000000001111000011110000111100001111000000000000000000000000000000000000
1010000010100000101000001010000000000000000000000000000000000000101000001010000010100000101000000000000000000000000000000000000010100000101000001010000010100000000000000000000000000000000000001010000010100000101000001010000000000000000000000000000000000000
1100000011000000110000001100000000000000000000000000000000000000110000001100000011000000110000000000000000000000000000000000000011000000110000001100000011000000000000000000000000000000000000001100000011000000110000001100000000000000000000000000000000000000
1000000010000000100000001000000000000000000000000000000000000000100000001000000010000000100000000000000000000000000000000000000010000000100000001000000010000000000000000000000000000000000000001000000010000000100000001000000000000000000000000000000000000000
1111111100000000111111110000000000000000000000000000000000000000111111110000000011111111000000000000000000000000000000000000000011111111000000001111111100000000000000000000000000000000000000001111111100000000111111110000000000000000000000000000000000000000
1010101000000000101010100000000000000000000000000000000000000000101010100000000010101010000000000000000000000000000000000000000010101010000000001010101000000000000000000000000000000000000000001010101000000000101010100000000000000000000000000000000000000000
1100110000000000110011000000000000000000000000000000000000000000110011000000000011001100000000000000000000000000000000000000000011001100000000001100110000000000000000000000000000000000000000001100110000000000110011000000000000000000000000000000000000000000
1000100000000000100010000000000000000000000000000000000000000000100010000000000010001000000000000000000000000000000000000000000010001000000000001000100000000000000000000000000000000000000000001000100000000000100010000000000000000000000000000000000000000000
1111000000000000111100000000000000000000000000000000000000000000111100000000000011110000000000000000000000000000000000000000000011110000000000001111000000000000000000000000000000000000000000001111000000000000111100000000000000000000000000000000000000000000
1010000000000000101000000000000000000000000000000000000000000000101000000000000010100000000000000000000000000000000000000000000010100000000000001010000000000000000000000000000000000000000000001010000000000000101000000000000000000000000000000000000000000000
1100000000000000110000000000000000000000000000000000000000000000110000000000000011000000000000000000000000000000000000000000000011000000000000001100000000000000000000000000000000000000000000001100000000000000110000000000000000000000000000000000000000000000
1000000000000000100000000000000000000000000000000000000000000000100000000000000010000000000000000000000000000000000000000000000010000000000000001000000000000000000000000000000000000000000000001000000000000000100000000000000000000000000000000000000000000000
1111111111111111000000000000000000000000000000000000000000000000111111111111111100000000000000000000000000000000000000000000000011111111111111110000000000000000000000000000000000000000000000001111111111111111000000000000000000000000000000000000000000000000
1010101010101010000000000000000000000000000000000000000000000000101010101010101000000000000000000000000000000000000000000000000010101010101010100000000000000000000000000000000000000000000000001010101010101010000000000000000000000000000000000000000000000000
1100110011001100000000000000000000000000000000000000000000000000110011001100110000000000000000000000000000000000000000000000000011001100110011000000000000000000000000000000000000000000000000001100110011001100000000000000000000000000000000000000000000000000
1000100010001000000000000000000000000000000000000000000000000000100010001000100000000000000000000000000000000000000000000000000010001000100010000000000000000000000000000000000000000000000000001000100010001000000000000000000000000000000000000000000000000000
1111000011110000000000000000000000000000000000000000000000000000111100001111000000000000000000000000000000000000000000000000000011110000111100000000000000000000000000000000000000000000000000001111000011110000000000000000000000000000000000000000000000000000
1010000010100000000000000000000000000000000000000000000000000000101000001010000000000000000000000000000000000000000000000000000010100000101000000000000000000000000000000000000000000000000000001010000010100000000000000000000000000000000000000000000000000000
1100000011000000000000000000000000000000000000000000000000000000110000001100000000000000000000000000000000000000000000000000000011000000110000000000000000000000000000000000000000000000000000001100000011000000000000000000000000000000000000000000000000000000
1000000010000000000000000000000000000000000000000000000000000000100000001000000000000000000000000000000000000000000000000000000010000000100000000000000000000000000000000000000000000000000000001000000010000000000000000000000000000000000000000000000000000000
1111111100000000000000000000000000000000000000000000000000000000111111110000000000000000000000000000000000000000000000000000000011111111000000000000000000000000000000000000000000000000000000001111111100000000000000000000000000000000000000000000000000000000
1010101000000000000000000000000000000000000000000000000000000000101010100000000000000000000000000000000000000000000000000000000010101010000000000000000000000000000000000000000000000000000000001010101000000000000000000000000000000000000000000000000000000000
1100110000000000000000000000000000000000000000000000000000000000110011000000000000000000000000000000000000000000000000000000000011001100000000000000000000000000000000000000000000000000000000001100110000000000000000000000000000000000000000000000000000000000
1000100000000000000000000000000000000000000000000000000000000000100010000000000000000000000000000000000000000000000000000000000010001000000000000000000000000000000000000000000000000000000000001000100000000000000000000000000000000000000000000000000000000000
1111000000000000000000000000000000000000000000000000000000000000111100000000000000000000000000000000000000000000000000000000000011110000000000000000000000000000000000000000000000000000000000001111000000000000000000000000000000000000000000000000000000000000
1010000000000000000000000000000000000000000000000000000000000000101000000000000000000000000000000000000000000000000000000000000010100000000000000000000000000000000000000000000000000000000000001010000000000000000000000000000000000000000000000000000000000000
1100000000000000000000000000000000000000000000000000000000000000110000000000000000000000000000000000000000000000000000000000000011000000000000000000000000000000000000000000000000000000000000001100000000000000000000000000000000000000000000000000000000000000
1000000000000000000000000000000000000000000000000000000000000000100000000000000000000000000000000000000000000000000000000000000010000000000000000000000000000000000000000000000000000000000000001000000000000000000000000000000000000000000000000000000000000000
1111111111111111111111111111111111111111111111111111111111111111000000000000000000000000000000000000000000000000000000000000000011111111111111111111111111111111111111111111111111111111111111110000000000000000000000000000000000000000000000000000000000000000
1010101010101010101010101010101010101010101010101010101010101010000000000000000000000000000000000000000000000000000000000000000010101010101010101010101010101010101010101010101010101010101010100000000000000000000000000000000000000000000000000000000000000000
1100110011001100110011001100110011001100110011001100110011001100000000000000000000000000000000000000000000000000000000000000000011001100110011001100110011001100110011001100110011001100110011000000000000000000000000000000000000000000000000000000000000000000
1000100010001000100010001000100010001000100010001000100010001000000000000000000000000000000000000000000000000000000000000000000010001000100010001000100010001000100010001000100010001000100010000000000000000000000000000000000000000000000000000000000000000000
1111000011110000111100001111000011110000111100001111000011110000000000000000000000000000000000000000000000000000000000000000000011110000111100001111000011110000111100001111000011110000111100000000000000000000000000000000000000000000000000000000000000000000
1010000010100000101000001010000010100000101000001010000010100000000000000000000000000000000000000000000000000000000000000000000010100000101000001010000010100000101000001010000010100000101000000000000000000000000000000000000000000000000000000000000000000000
1100000011000000110000001100000011000000110000001100000011000000000000000000000000000000000000000000000000000000000000000000000011000000110000001100000011000000110000001100000011000000110000000000000000000000000000000000000000000000000000000000000000000000
1000000010000000100000001000000010000000100000001000000010000000000000000000000000000000000000000000000000000000000000000000000010000000100000001000000010000000100000001000000010000000100000000000000000000000000000000000000000000000000000000000000000000000
1111111100000000111111110000000011111111000000001111111100000000000000000000000000000000000000000000000000000000000000000000000011111111000000001111111100000000111111110000000011111111000000000000000000000000000000000000000000000000000000000000000000000000
1010101000000000101010100000000010101010000000001010101000000000000000000000000000000000000000000000000000000000000000000000000010101010000000001010101000000000101010100000000010101010000000000000000000000000000000000000000000000000000000000000000000000000
1100110000000000110011000000000011001100000000001100110000000000000000000000000000000000000000000000000000000000000000000000000011001100000000001100110000000000110011000000000011001100000000000000000000000000000000000000000000000000000000000000000000000000
1000100000000000100010000000000010001000000000001000100000000000000000000000000000000000000000000000000000000000000000000000000010001000000000001000100000000000100010000000000010001000000000000000000000000000000000000000000000000000000000000000000000000000
1111000000000000111100000000000011110000000000001111000000000000000000000000000000000000000000000000000000000000000000000000000011110000000000001111000000000000111100000000000011110000000000000000000000000000000000000000000000000000000000000000000000000000
1010000000000000101000000000000010100000000000001010000000000000000000000000000000000000000000000000000000000000000000000000000010100000000000001010000000000000101000000000000010100000000000000000000000000000000000000000000000000000000000000000000000000000
1100000000000000110000000000000011000000000000001100000000000000000000000000000000000000000000000000000000000000000000000000000011000000000000001100000000000000110000000000000011000000000000000000000000000000000000000000000000000000000000000000000000000000
1000000000000000100000000000000010000000000000001000000000000000000000000000000000000000000000000000000000000000000000000000000010000000000000001000000000000000100000000000000010000000000000000000000000000000000000000000000000000000000000000000000000000000
1111111111111111000000000000000011111111111111110000000000000000000000000000000000000000000000000000000000000000000000000000000011111111111111110000000000000000111111111111111100000000000000000000000000000000000000000000000000000000000000000000000000000000
1010101010101010000000000000000010101010101010100000000000000000000000000000000000000000000000000000000000000000000000000000000010101010101010100000000000000000101010101010101000000000000000000000000000000000000000000000000000000000000000000000000000000000
1100110011001100000000000000000011001100110011000000000000000000000000000000000000000000000000000000000000000000000000000000000011001100110011000000000000000000110011001100110000000000000000000000000000000000000000000000000000000000000000000000000000000000
1000100010001000000000000000000010001000100010000000000000000000000000000000000000000000000000000000000000000000000000000000000010001000100010000000000000000000100010001000100000000000000000000000000000000000000000000000000000000000000000000000000000000000
1111000011110000000000000000000011110000111100000000000000000000000000000000000000000000000000000000000000000000000000000000000011110000111100000000000000000000111100001111000000000000000000000000000000000000000000000000000000000000000000000000000000000000
1010000010100000000000000000000010100000101000000000000000000000000000000000000000000000000000000000000000000000000000000000000010100000101000000000000000000000101000001010000000000000000000000000000000000000000000000000000000000000000000000000000000000000
1100000011000000000000000000000011000000110000000000000000000000000000000000000000000000000000000000000000000000000000000000000011000000110000000000000000000000110000001100000000000000000000000000000000000000000000000000000000000000000000000000000000000000
1000000010000000000000000000000010000000100000000000000000000000000000000000000000000000000000000000000000000000000000000000000010000000100000000000000000000000100000001000000000000000000000000000000000000000000000000000000000000000000000000000000000000000
1111111100000000000000000000000011111111000000000000000000000000000000000000000000000000000000000000000000000000000000000000000011111111000000000000000000000000111111110000000000000000000000000000000000000000000000000000000000000000000000000000000000000000
1010101000000000000000000000000010101010000000000000000000000000000000000000000000000000000000000000000000000000000000000000000010101010000000000000000000000000101010100000000000000000000000000000000000000000000000000000000000000000000000000000000000000000
1100110000000000000000000000000011001100000000000000000000000000000000000000000000000000000000000000000000000000000000000000000011001100000000000000000000000000110011000000000000000000000000000000000000000000000000000000000000000000000000000000000000000000
1000100000000000000000000000000010001000000000000000000000000000000000000000000000000000000000000000000000000000000000000000000010001000000000000000000000000000100010000000000000000000000000000000000000000000000000000000000000000000000000000000000000000000
1111000000000000000000000000000011110000000000000000000000000000000000000000000000000000000000000000000000000000000000000000000011110000000000000000000000000000111100000000000000000000000000000000000000000000000000000000000000000000000000000000000000000000
1010000000000000000000000000000010100000000000000000000000000000000000000000000000000000000000000000000000000000000000000000000010100000000000000000000000000000101000000000000000000000000000000000000000000000000000000000000000000000000000000000000000000000
1100000000000000000000000000000011000000000000000000000000000000000000000000000000000000000000000000000000000000000000000000000011000000000000000000000000000000110000000000000000000000000000000000000000000000000000000000000000000000000000000000000000000000
1000000000000000000000000000000010000000000000000000000000000000000000000000000000000000000000000000000000000000000000000000000010000000000000000000000000000000100000000000000000000000000000000000000000000000000000000000000000000000000000000000000000000000
1111111111111111111111111111111100000000000000000000000000000000000000000000000000000000000000000000000000000000000000000000000011111111111111111111111111111111000000000000000000000000000000000000000000000000000000000000000000000000000000000000000000000000
1010101010101010101010101010101000000000000000000000000000000000000000000000000000000000000000000000000000000000000000000000000010101010101010101010101010101010000000000000000000000000000000000000000000000000000000000000000000000000000000000000000000000000
1100110011001100110011001100110000000000000000000000000000000000000000000000000000000000000000000000000000000000000000000000000011001100110011001100110011001100000000000000000000000000000000000000000000000000000000000000000000000000000000000000000000000000
1000100010001000100010001000100000000000000000000000000000000000000000000000000000000000000000000000000000000000000000000000000010001000100010001000100010001000000000000000000000000000000000000000000000000000000000000000000000000000000000000000000000000000
1111000011110000111100001111000000000000000000000000000000000000000000000000000000000000000000000000000000000000000000000000000011110000111100001111000011110000000000000000000000000000000000000000000000000000000000000000000000000000000000000000000000000000
1010000010100000101000001010000000000000000000000000000000000000000000000000000000000000000000000000000000000000000000000000000010100000101000001010000010100000000000000000000000000000000000000000000000000000000000000000000000000000000000000000000000000000
1100000011000000110000001100000000000000000000000000000000000000000000000000000000000000000000000000000000000000000000000000000011000000110000001100000011000000000000000000000000000000000000000000000000000000000000000000000000000000000000000000000000000000
1000000010000000100000001000000000000000000000000000000000000000000000000000000000000000000000000000000000000000000000000000000010000000100000001000000010000000000000000000000000000000000000000000000000000000000000000000000000000000000000000000000000000000
1111111100000000111111110000000000000000000000000000000000000000000000000000000000000000000000000000000000000000000000000000000011111111000000001111111100000000000000000000000000000000000000000000000000000000000000000000000000000000000000000000000000000000
1010101000000000101010100000000000000000000000000000000000000000000000000000000000000000000000000000000000000000000000000000000010101010000000001010101000000000000000000000000000000000000000000000000000000000000000000000000000000000000000000000000000000000
1100110000000000110011000000000000000000000000000000000000000000000000000000000000000000000000000000000000000000000000000000000011001100000000001100110000000000000000000000000000000000000000000000000000000000000000000000000000000000000000000000000000000000
1000100000000000100010000000000000000000000000000000000000000000000000000000000000000000000000000000000000000000000000000000000010001000000000001000100000000000000000000000000000000000000000000000000000000000000000000000000000000000000000000000000000000000
1111000000000000111100000000000000000000000000000000000000000000000000000000000000000000000000000000000000000000000000000000000011110000000000001111000000000000000000000000000000000000000000000000000000000000000000000000000000000000000000000000000000000000
1010000000000000101000000000000000000000000000000000000000000000000000000000000000000000000000000000000000000000000000000000000010100000000000001010000000000000000000000000000000000000000000000000000000000000000000000000000000000000000000000000000000000000
1100000000000000110000000000000000000000000000000000000000000000000000000000000000000000000000000000000000000000000000000000000011000000000000001100000000000000000000000000000000000000000000000000000000000000000000000000000000000000000000000000000000000000
1000000000000000100000000000000000000000000000000000000000000000000000000000000000000000000000000000000000000000000000000000000010000000000000001000000000000000000000000000000000000000000000000000000000000000000000000000000000000000000000000000000000000000
1111111111111111000000000000000000000000000000000000000000000000000000000000000000000000000000000000000000000000000000000000000011111111111111110000000000000000000000000000000000000000000000000000000000000000000000000000000000000000000000000000000000000000
1010101010101010000000000000000000000000000000000000000000000000000000000000000000000000000000000000000000000000000000000000000010101010101010100000000000000000000000000000000000000000000000000000000000000000000000000000000000000000000000000000000000000000
1100110011001100000000000000000000000000000000000000000000000000000000000000000000000000000000000000000000000000000000000000000011001100110011000000000000000000000000000000000000000000000000000000000000000000000000000000000000000000000000000000000000000000
1000100010001000000000000000000000000000000000000000000000000000000000000000000000000000000000000000000000000000000000000000000010001000100010000000000000000000000000000000000000000000000000000000000000000000000000000000000000000000000000000000000000000000
1111000011110000000000000000000000000000000000000000000000000000000000000000000000000000000000000000000000000000000000000000000011110000111100000000000000000000000000000000000000000000000000000000000000000000000000000000000000000000000000000000000000000000
1010000010100000000000000000000000000000000000000000000000000000000000000000000000000000000000000000000000000000000000000000000010100000101000000000000000000000000000000000000000000000000000000000000000000000000000000000000000000000000000000000000000000000
1100000011000000000000000000000000000000000000000000000000000000000000000000000000000000000000000000000000000000000000000000000011000000110000000000000000000000000000000000000000000000000000000000000000000000000000000000000000000000000000000000000000000000
1000000010000000000000000000000000000000000000000000000000000000000000000000000000000000000000000000000000000000000000000000000010000000100000000000000000000000000000000000000000000000000000000000000000000000000000000000000000000000000000000000000000000000
1111111100000000000000000000000000000000000000000000000000000000000000000000000000000000000000000000000000000000000000000000000011111111000000000000000000000000000000000000000000000000000000000000000000000000000000000000000000000000000000000000000000000000
1010101000000000000000000000000000000000000000000000000000000000000000000000000000000000000000000000000000000000000000000000000010101010000000000000000000000000000000000000000000000000000000000000000000000000000000000000000000000000000000000000000000000000
1100110000000000000000000000000000000000000000000000000000000000000000000000000000000000000000000000000000000000000000000000000011001100000000000000000000000000000000000000000000000000000000000000000000000000000000000000000000000000000000000000000000000000
1000100000000000000000000000000000000000000000000000000000000000000000000000000000000000000000000000000000000000000000000000000010001000000000000000000000000000000000000000000000000000000000000000000000000000000000000000000000000000000000000000000000000000
1111000000000000000000000000000000000000000000000000000000000000000000000000000000000000000000000000000000000000000000000000000011110000000000000000000000000000000000000000000000000000000000000000000000000000000000000000000000000000000000000000000000000000
1010000000000000000000000000000000000000000000000000000000000000000000000000000000000000000000000000000000000000000000000000000010100000000000000000000000000000000000000000000000000000000000000000000000000000000000000000000000000000000000000000000000000000
1100000000000000000000000000000000000000000000000000000000000000000000000000000000000000000000000000000000000000000000000000000011000000000000000000000000000000000000000000000000000000000000000000000000000000000000000000000000000000000000000000000000000000
1000000000000000000000000000000000000000000000000000000000000000000000000000000000000000000000000000000000000000000000000000000010000000000000000000000000000000000000000000000000000000000000000000000000000000000000000000000000000000000000000000000000000000
1111111111111111111111111111111111111111111111111111111111111111111111111111111111111111111111111111111111111111111111111111111100000000000000000000000000000000000000000000000000000000000000000000000000000000000000000000000000000000000000000000000000000000
1010101010101010101010101010101010101010101010101010101010101010101010101010101010101010101010101010101010101010101010101010101000000000000000000000000000000000000000000000000000000000000000000000000000000000000000000000000000000000000000000000000000000000
1100110011001100110011001100110011001100110011001100110011001100110011001100110011001100110011001100110011001100110011001100110000000000000000000000000000000000000000000000000000000000000000000000000000000000000000000000000000000000000000000000000000000000
1000100010001000100010001000100010001000100010001000100010001000100010001000100010001000100010001000100010001000100010001000100000000000000000000000000000000000000000000000000000000000000000000000000000000000000000000000000000000000000000000000000000000000
1111000011110000111100001111000011110000111100001111000011110000111100001111000011110000111100001111000011110000111100001111000000000000000000000000000000000000000000000000000000000000000000000000000000000000000000000000000000000000000000000000000000000000
1010000010100000101000001010000010100000101000001010000010100000101000001010000010100000101000001010000010100000101000001010000000000000000000000000000000000000000000000000000000000000000000000000000000000000000000000000000000000000000000000000000000000000
1100000011000000110000001100000011000000110000001100000011000000110000001100000011000000110000001100000011000000110000001100000000000000000000000000000000000000000000000000000000000000000000000000000000000000000000000000000000000000000000000000000000000000
1000000010000000100000001000000010000000100000001000000010000000100000001000000010000000100000001000000010000000100000001000000000000000000000000000000000000000000000000000000000000000000000000000000000000000000000000000000000000000000000000000000000000000
1111111100000000111111110000000011111111000000001111111100000000111111110000000011111111000000001111111100000000111111110000000000000000000000000000000000000000000000000000000000000000000000000000000000000000000000000000000000000000000000000000000000000000
1010101000000000101010100000000010101010000000001010101000000000101010100000000010101010000000001010101000000000101010100000000000000000000000000000000000000000000000000000000000000000000000000000000000000000000000000000000000000000000000000000000000000000
1100110000000000110011000000000011001100000000001100110000000000110011000000000011001100000000001100110000000000110011000000000000000000000000000000000000000000000000000000000000000000000000000000000000000000000000000000000000000000000000000000000000000000
1000100000000000100010000000000010001000000000001000100000000000100010000000000010001000000000001000100000000000100010000000000000000000000000000000000000000000000000000000000000000000000000000000000000000000000000000000000000000000000000000000000000000000
1111000000000000111100000000000011110000000000001111000000000000111100000000000011110000000000001111000000000000111100000000000000000000000000000000000000000000000000000000000000000000000000000000000000000000000000000000000000000000000000000000000000000000
1010000000000000101000000000000010100000000000001010000000000000101000000000000010100000000000001010000000000000101000000000000000000000000000000000000000000000000000000000000000000000000000000000000000000000000000000000000000000000000000000000000000000000
1100000000000000110000000000000011000000000000001100000000000000110000000000000011000000000000001100000000000000110000000000000000000000000000000000000000000000000000000000000000000000000000000000000000000000000000000000000000000000000000000000000000000000
1000000000000000100000000000000010000000000000001000000000000000100000000000000010000000000000001000000000000000100000000000000000000000000000000000000000000000000000000000000000000000000000000000000000000000000000000000000000000000000000000000000000000000
1111111111111111000000000000000011111111111111110000000000000000111111111111111100000000000000001111111111111111000000000000000000000000000000000000000000000000000000000000000000000000000000000000000000000000000000000000000000000000000000000000000000000000
1010101010101010000000000000000010101010101010100000000000000000101010101010101000000000000000001010101010101010000000000000000000000000000000000000000000000000000000000000000000000000000000000000000000000000000000000000000000000000000000000000000000000000
1100110011001100000000000000000011001100110011000000000000000000110011001100110000000000000000001100110011001100000000000000000000000000000000000000000000000000000000000000000000000000000000000000000000000000000000000000000000000000000000000000000000000000
1000100010001000000000000000000010001000100010000000000000000000100010001000100000000000000000001000100010001000000000000000000000000000000000000000000000000000000000000000000000000000000000000000000000000000000000000000000000000000000000000000000000000000
1111000011110000000000000000000011110000111100000000000000000000111100001111000000000000000000001111000011110000000000000000000000000000000000000000000000000000000000000000000000000000000000000000000000000000000000000000000000000000000000000000000000000000
1010000010100000000000000000000010100000101000000000000000000000101000001010000000000000000000001010000010100000000000000000000000000000000000000000000000000000000000000000000000000000000000000000000000000000000000000000000000000000000000000000000000000000
1100000011000000000000000000000011000000110000000000000000000000110000001100000000000000000000001100000011000000000000000000000000000000000000000000000000000000000000000000000000000000000000000000000000000000000000000000000000000000000000000000000000000000
1000000010000000000000000000000010000000100000000000000000000000100000001000000000000000000000001000000010000000000000000000000000000000000000000000000000000000000000000000000000000000000000000000000000000000000000000000000000000000000000000000000000000000
1111111100000000000000000000000011111111000000000000000000000000111111110000000000000000000000001111111100000000000000000000000000000000000000000000000000000000000000000000000000000000000000000000000000000000000000000000000000000000000000000000000000000000
1010101000000000000000000000000010101010000000000000000000000000101010100000000000000000000000001010101000000000000000000000000000000000000000000000000000000000000000000000000000000000000000000000000000000000000000000000000000000000000000000000000000000000
1100110000000000000000000000000011001100000000000000000000000000110011000000000000000000000000001100110000000000000000000000000000000000000000000000000000000000000000000000000000000000000000000000000000000000000000000000000000000000000000000000000000000000
1000100000000000000000000000000010001000000000000000000000000000100010000000000000000000000000001000100000000000000000000000000000000000000000000000000000000000000000000000000000000000000000000000000000000000000000000000000000000000000000000000000000000000
1111000000000000000000000000000011110000000000000000000000000000111100000000000000000000000000001111000000000000000000000000000000000000000000000000000000000000000000000000000000000000000000000000000000000000000000000000000000000000000000000000000000000000
1010000000000000000000000000000010100000000000000000000000000000101000000000000000000000000000001010000000000000000000000000000000000000000000000000000000000000000000000000000000000000000000000000000000000000000000000000000000000000000000000000000000000000
1100000000000000000000000000000011000000000000000000000000000000110000000000000000000000000000001100000000000000000000000000000000000000000000000000000000000000000000000000000000000000000000000000000000000000000000000000000000000000000000000000000000000000
1000000000000000000000000000000010000000000000000000000000000000100000000000000000000000000000001000000000000000000000000000000000000000000000000000000000000000000000000000000000000000000000000000000000000000000000000000000000000000000000000000000000000000
1111111111111111111111111111111100000000000000000000000000000000111111111111111111111111111111110000000000000000000000000000000000000000000000000000000000000000000000000000000000000000000000000000000000000000000000000000000000000000000000000000000000000000
1010101010101010101010101010101000000000000000000000000000000000101010101010101010101010101010100000000000000000000000000000000000000000000000000000000000000000000000000000000000000000000000000000000000000000000000000000000000000000000000000000000000000000
1100110011001100110011001100110000000000000000000000000000000000110011001100110011001100110011000000000000000000000000000000000000000000000000000000000000000000000000000000000000000000000000000000000000000000000000000000000000000000000000000000000000000000
1000100010001000100010001000100000000000000000000000000000000000100010001000100010001000100010000000000000000000000000000000000000000000000000000000000000000000000000000000000000000000000000000000000000000000000000000000000000000000000000000000000000000000
1111000011110000111100001111000000000000000000000000000000000000111100001111000011110000111100000000000000000000000000000000000000000000000000000000000000000000000000000000000000000000000000000000000000000000000000000000000000000000000000000000000000000000
1010000010100000101000001010000000000000000000000000000000000000101000001010000010100000101000000000000000000000000000000000000000000000000000000000000000000000000000000000000000000000000000000000000000000000000000000000000000000000000000000000000000000000
1100000011000000110000001100000000000000000000000000000000000000110000001100000011000000110000000000000000000000000000000000000000000000000000000000000000000000000000000000000000000000000000000000000000000000000000000000000000000000000000000000000000000000
1000000010000000100000001000000000000000000000000000000000000000100000001000000010000000100000000000000000000000000000000000000000000000000000000000000000000000000000000000000000000000000000000000000000000000000000000000000000000000000000000000000000000000
1111111100000000111111110000000000000000000000000000000000000000111111110000000011111111000000000000000000000000000000000000000000000000000000000000000000000000000000000000000000000000000000000000000000000000000000000000000000000000000000000000000000000000
1010101000000000101010100000000000000000000000000000000000000000101010100000000010101010000000000000000000000000000000000000000000000000000000000000000000000000000000000000000000000000000000000000000000000000000000000000000000000000000000000000000000000000
1100110000000000110011000000000000000000000000000000000000000000110011000000000011001100000000000000000000000000000000000000000000000000000000000000000000000000000000000000000000000000000000000000000000000000000000000000000000000000000000000000000000000000
1000100000000000100010000000000000000000000000000000000000000000100010000000000010001000000000000000000000000000000000000000000000000000000000000000000000000000000000000000000000000000000000000000000000000000000000000000000000000000000000000000000000000000
1111000000000000111100000000000000000000000000000000000000000000111100000000000011110000000000000000000000000000000000000000000000000000000000000000000000000000000000000000000000000000000000000000000000000000000000000000000000000000000000000000000000000000
1010000000000000101000000000000000000000000000000000000000000000101000000000000010100000000000000000000000000000000000000000000000000000000000000000000000000000000000000000000000000000000000000000000000000000000000000000000000000000000000000000000000000000
1100000000000000110000000000000000000000000000000000000000000000110000000000000011000000000000000000000000000000000000000000000000000000000000000000000000000000000000000000000000000000000000000000000000000000000000000000000000000000000000000000000000000000
1000000000000000100000000000000000000000000000000000000000000000100000000000000010000000000000000000000000000000000000000000000000000000000000000000000000000000000000000000000000000000000000000000000000000000000000000000000000000000000000000000000000000000
1111111111111111000000000000000000000000000000000000000000000000111111111111111100000000000000000000000000000000000000000000000000000000000000000000000000000000000000000000000000000000000000000000000000000000000000000000000000000000000000000000000000000000
1010101010101010000000000000000000000000000000000000000000000000101010101010101000000000000000000000000000000000000000000000000000000000000000000000000000000000000000000000000000000000000000000000000000000000000000000000000000000000000000000000000000000000
1100110011001100000000000000000000000000000000000000000000000000110011001100110000000000000000000000000000000000000000000000000000000000000000000000000000000000000000000000000000000000000000000000000000000000000000000000000000000000000000000000000000000000
1000100010001000000000000000000000000000000000000000000000000000100010001000100000000000000000000000000000000000000000000000000000000000000000000000000000000000000000000000000000000000000000000000000000000000000000000000000000000000000000000000000000000000
1111000011110000000000000000000000000000000000000000000000000000111100001111000000000000000000000000000000000000000000000000000000000000000000000000000000000000000000000000000000000000000000000000000000000000000000000000000000000000000000000000000000000000
1010000010100000000000000000000000000000000000000000000000000000101000001010000000000000000000000000000000000000000000000000000000000000000000000000000000000000000000000000000000000000000000000000000000000000000000000000000000000000000000000000000000000000
1100000011000000000000000000000000000000000000000000000000000000110000001100000000000000000000000000000000000000000000000000000000000000000000000000000000000000000000000000000000000000000000000000000000000000000000000000000000000000000000000000000000000000
1000000010000000000000000000000000000000000000000000000000000000100000001000000000000000000000000000000000000000000000000000000000000000000000000000000000000000000000000000000000000000000000000000000000000000000000000000000000000000000000000000000000000000
1111111100000000000000000000000000000000000000000000000000000000111111110000000000000000000000000000000000000000000000000000000000000000000000000000000000000000000000000000000000000000000000000000000000000000000000000000000000000000000000000000000000000000
1010101000000000000000000000000000000000000000000000000000000000101010100000000000000000000000000000000000000000000000000000000000000000000000000000000000000000000000000000000000000000000000000000000000000000000000000000000000000000000000000000000000000000
1100110000000000000000000000000000000000000000000000000000000000110011000000000000000000000000000000000000000000000000000000000000000000000000000000000000000000000000000000000000000000000000000000000000000000000000000000000000000000000000000000000000000000
1000100000000000000000000000000000000000000000000000000000000000100010000000000000000000000000000000000000000000000000000000000000000000000000000000000000000000000000000000000000000000000000000000000000000000000000000000000000000000000000000000000000000000
1111000000000000000000000000000000000000000000000000000000000000111100000000000000000000000000000000000000000000000000000000000000000000000000000000000000000000000000000000000000000000000000000000000000000000000000000000000000000000000000000000000000000000
1010000000000000000000000000000000000000000000000000000000000000101000000000000000000000000000000000000000000000000000000000000000000000000000000000000000000000000000000000000000000000000000000000000000000000000000000000000000000000000000000000000000000000
1100000000000000000000000000000000000000000000000000000000000000110000000000000000000000000000000000000000000000000000000000000000000000000000000000000000000000000000000000000000000000000000000000000000000000000000000000000000000000000000000000000000000000
1000000000000000000000000000000000000000000000000000000000000000100000000000000000000000000000000000000000000000000000000000000000000000000000000000000000000000000000000000000000000000000000000000000000000000000000000000000000000000000000000000000000000000
1111111111111111111111111111111111111111111111111111111111111111000000000000000000000000000000000000000000000000000000000000000000000000000000000000000000000000000000000000000000000000000000000000000000000000000000000000000000000000000000000000000000000000
1010101010101010101010101010101010101010101010101010101010101010000000000000000000000000000000000000000000000000000000000000000000000000000000000000000000000000000000000000000000000000000000000000000000000000000000000000000000000000000000000000000000000000
1100110011001100110011001100110011001100110011001100110011001100000000000000000000000000000000000000000000000000000000000000000000000000000000000000000000000000000000000000000000000000000000000000000000000000000000000000000000000000000000000000000000000000
1000100010001000100010001000100010001000100010001000100010001000000000000000000000000000000000000000000000000000000000000000000000000000000000000000000000000000000000000000000000000000000000000000000000000000000000000000000000000000000000000000000000000000
1111000011110000111100001111000011110000111100001111000011110000000000000000000000000000000000000000000000000000000000000000000000000000000000000000000000000000000000000000000000000000000000000000000000000000000000000000000000000000000000000000000000000000
1010000010100000101000001010000010100000101000001010000010100000000000000000000000000000000000000000000000000000000000000000000000000000000000000000000000000000000000000000000000000000000000000000000000000000000000000000000000000000000000000000000000000000
1100000011000000110000001100000011000000110000001100000011000000000000000000000000000000000000000000000000000000000000000000000000000000000000000000000000000000000000000000000000000000000000000000000000000000000000000000000000000000000000000000000000000000
1000000010000000100000001000000010000000100000001000000010000000000000000000000000000000000000000000000000000000000000000000000000000000000000000000000000000000000000000000000000000000000000000000000000000000000000000000000000000000000000000000000000000000
1111111100000000111111110000000011111111000000001111111100000000000000000000000000000000000000000000000000000000000000000000000000000000000000000000000000000000000000000000000000000000000000000000000000000000000000000000000000000000000000000000000000000000
1010101000000000101010100000000010101010000000001010101000000000000000000000000000000000000000000000000000000000000000000000000000000000000000000000000000000000000000000000000000000000000000000000000000000000000000000000000000000000000000000000000000000000
1100110000000000110011000000000011001100000000001100110000000000000000000000000000000000000000000000000000000000000000000000000000000000000000000000000000000000000000000000000000000000000000000000000000000000000000000000000000000000000000000000000000000000
1000100000000000100010000000000010001000000000001000100000000000000000000000000000000000000000000000000000000000000000000000000000000000000000000000000000000000000000000000000000000000000000000000000000000000000000000000000000000000000000000000000000000000
1111000000000000111100000000000011110000000000001111000000000000000000000000000000000000000000000000000000000000000000000000000000000000000000000000000000000000000000000000000000000000000000000000000000000000000000000000000000000000000000000000000000000000
1010000000000000101000000000000010100000000000001010000000000000000000000000000000000000000000000000000000000000000000000000000000000000000000000000000000000000000000000000000000000000000000000000000000000000000000000000000000000000000000000000000000000000
1100000000000000110000000000000011000000000000001100000000000000000000000000000000000000000000000000000000000000000000000000000000000000000000000000000000000000000000000000000000000000000000000000000000000000000000000000000000000000000000000000000000000000
1000000000000000100000000000000010000000000000001000000000000000000000000000000000000000000000000000000000000000000000000000000000000000000000000000000000000000000000000000000000000000000000000000000000000000000000000000000000000000000000000000000000000000
1111111111111111000000000000000011111111111111110000000000000000000000000000000000000000000000000000000000000000000000000000000000000000000000000000000000000000000000000000000000000000000000000000000000000000000000000000000000000000000000000000000000000000
1010101010101010000000000000000010101010101010100000000000000000000000000000000000000000000000000000000000000000000000000000000000000000000000000000000000000000000000000000000000000000000000000000000000000000000000000000000000000000000000000000000000000000
1100110011001100000000000000000011001100110011000000000000000000000000000000000000000000000000000000000000000000000000000000000000000000000000000000000000000000000000000000000000000000000000000000000000000000000000000000000000000000000000000000000000000000
1000100010001000000000000000000010001000100010000000000000000000000000000000000000000000000000000000000000000000000000000000000000000000000000000000000000000000000000000000000000000000000000000000000000000000000000000000000000000000000000000000000000000000
1111000011110000000000000000000011110000111100000000000000000000000000000000000000000000000000000000000000000000000000000000000000000000000000000000000000000000000000000000000000000000000000000000000000000000000000000000000000000000000000000000000000000000
1010000010100000000000000000000010100000101000000000000000000000000000000000000000000000000000000000000000000000000000000000000000000000000000000000000000000000000000000000000000000000000000000000000000000000000000000000000000000000000000000000000000000000
1100000011000000000000000000000011000000110000000000000000000000000000000000000000000000000000000000000000000000000000000000000000000000000000000000000000000000000000000000000000000000000000000000000000000000000000000000000000000000000000000000000000000000
1000000010000000000000000000000010000000100000000000000000000000000000000000000000000000000000000000000000000000000000000000000000000000000000000000000000000000000000000000000000000000000000000000000000000000000000000000000000000000000000000000000000000000
1111111100000000000000000000000011111111000000000000000000000000000000000000000000000000000000000000000000000000000000000000000000000000000000000000000000000000000000000000000000000000000000000000000000000000000000000000000000000000000000000000000000000000
1010101000000000000000000000000010101010000000000000000000000000000000000000000000000000000000000000000000000000000000000000000000000000000000000000000000000000000000000000000000000000000000000000000000000000000000000000000000000000000000000000000000000000
1100110000000000000000000000000011001100000000000000000000000000000000000000000000000000000000000000000000000000000000000000000000000000000000000000000000000000000000000000000000000000000000000000000000000000000000000000000000000000000000000000000000000000
1000100000000000000000000000000010001000000000000000000000000000000000000000000000000000000000000000000000000000000000000000000000000000000000000000000000000000000000000000000000000000000000000000000000000000000000000000000000000000000000000000000000000000
1111000000000000000000000000000011110000000000000000000000000000000000000000000000000000000000000000000000000000000000000000000000000000000000000000000000000000000000000000000000000000000000000000000000000000000000000000000000000000000000000000000000000000
1010000000000000000000000000000010100000000000000000000000000000000000000000000000000000000000000000000000000000000000000000000000000000000000000000000000000000000000000000000000000000000000000000000000000000000000000000000000000000000000000000000000000000
1100000000000000000000000000000011000000000000000000000000000000000000000000000000000000000000000000000000000000000000000000000000000000000000000000000000000000000000000000000000000000000000000000000000000000000000000000000000000000000000000000000000000000
1000000000000000000000000000000010000000000000000000000000000000000000000000000000000000000000000000000000000000000000000000000000000000000000000000000000000000000000000000000000000000000000000000000000000000000000000000000000000000000000000000000000000000
1111111111111111111111111111111100000000000000000000000000000000000000000000000000000000000000000000000000000000000000000000000000000000000000000000000000000000000000000000000000000000000000000000000000000000000000000000000000000000000000000000000000000000
1010101010101010101010101010101000000000000000000000000000000000000000000000000000000000000000000000000000000000000000000000000000000000000000000000000000000000000000000000000000000000000000000000000000000000000000000000000000000000000000000000000000000000
1100110011001100110011001100110000000000000000000000000000000000000000000000000000000000000000000000000000000000000000000000000000000000000000000000000000000000000000000000000000000000000000000000000000000000000000000000000000000000000000000000000000000000
1000100010001000100010001000100000000000000000000000000000000000000000000000000000000000000000000000000000000000000000000000000000000000000000000000000000000000000000000000000000000000000000000000000000000000000000000000000000000000000000000000000000000000
1111000011110000111100001111000000000000000000000000000000000000000000000000000000000000000000000000000000000000000000000000000000000000000000000000000000000000000000000000000000000000000000000000000000000000000000000000000000000000000000000000000000000000
1010000010100000101000001010000000000000000000000000000000000000000000000000000000000000000000000000000000000000000000000000000000000000000000000000000000000000000000000000000000000000000000000000000000000000000000000000000000000000000000000000000000000000
1100000011000000110000001100000000000000000000000000000000000000000000000000000000000000000000000000000000000000000000000000000000000000000000000000000000000000000000000000000000000000000000000000000000000000000000000000000000000000000000000000000000000000
1000000010000000100000001000000000000000000000000000000000000000000000000000000000000000000000000000000000000000000000000000000000000000000000000000000000000000000000000000000000000000000000000000000000000000000000000000000000000000000000000000000000000000
1111111100000000111111110000000000000000000000000000000000000000000000000000000000000000000000000000000000000000000000000000000000000000000000000000000000000000000000000000000000000000000000000000000000000000000000000000000000000000000000000000000000000000
1010101000000000101010100000000000000000000000000000000000000000000000000000000000000000000000000000000000000000000000000000000000000000000000000000000000000000000000000000000000000000000000000000000000000000000000000000000000000000000000000000000000000000
1100110000000000110011000000000000000000000000000000000000000000000000000000000000000000000000000000000000000000000000000000000000000000000000000000000000000000000000000000000000000000000000000000000000000000000000000000000000000000000000000000000000000000
1000100000000000100010000000000000000000000000000000000000000000000000000000000000000000000000000000000000000000000000000000000000000000000000000000000000000000000000000000000000000000000000000000000000000000000000000000000000000000000000000000000000000000
1111000000000000111100000000000000000000000000000000000000000000000000000000000000000000000000000000000000000000000000000000000000000000000000000000000000000000000000000000000000000000000000000000000000000000000000000000000000000000000000000000000000000000
1010000000000000101000000000000000000000000000000000000000000000000000000000000000000000000000000000000000000000000000000000000000000000000000000000000000000000000000000000000000000000000000000000000000000000000000000000000000000000000000000000000000000000
1100000000000000110000000000000000000000000000000000000000000000000000000000000000000000000000000000000000000000000000000000000000000000000000000000000000000000000000000000000000000000000000000000000000000000000000000000000000000000000000000000000000000000
1000000000000000100000000000000000000000000000000000000000000000000000000000000000000000000000000000000000000000000000000000000000000000000000000000000000000000000000000000000000000000000000000000000000000000000000000000000000000000000000000000000000000000
1111111111111111000000000000000000000000000000000000000000000000000000000000000000000000000000000000000000000000000000000000000000000000000000000000000000000000000000000000000000000000000000000000000000000000000000000000000000000000000000000000000000000000
1010101010101010000000000000000000000000000000000000000000000000000000000000000000000000000000000000000000000000000000000000000000000000000000000000000000000000000000000000000000000000000000000000000000000000000000000000000000000000000000000000000000000000
1100110011001100000000000000000000000000000000000000000000000000000000000000000000000000000000000000000000000000000000000000000000000000000000000000000000000000000000000000000000000000000000000000000000000000000000000000000000000000000000000000000000000000
1000100010001000000000000000000000000000000000000000000000000000000000000000000000000000000000000000000000000000000000000000000000000000000000000000000000000000000000000000000000000000000000000000000000000000000000000000000000000000000000000000000000000000
1111000011110000000000000000000000000000000000000000000000000000000000000000000000000000000000000000000000000000000000000000000000000000000000000000000000000000000000000000000000000000000000000000000000000000000000000000000000000000000000000000000000000000
1010000010100000000000000000000000000000000000000000000000000000000000000000000000000000000000000000000000000000000000000000000000000000000000000000000000000000000000000000000000000000000000000000000000000000000000000000000000000000000000000000000000000000
1100000011000000000000000000000000000000000000000000000000000000000000000000000000000000000000000000000000000000000000000000000000000000000000000000000000000000000000000000000000000000000000000000000000000000000000000000000000000000000000000000000000000000
1000000010000000000000000000000000000000000000000000000000000000000000000000000000000000000000000000000000000000000000000000000000000000000000000000000000000000000000000000000000000000000000000000000000000000000000000000000000000000000000000000000000000000
1111111100000000000000000000000000000000000000000000000000000000000000000000000000000000000000000000000000000000000000000000000000000000000000000000000000000000000000000000000000000000000000000000000000000000000000000000000000000000000000000000000000000000
1010101000000000000000000000000000000000000000000000000000000000000000000000000000000000000000000000000000000000000000000000000000000000000000000000000000000000000000000000000000000000000000000000000000000000000000000000000000000000000000000000000000000000
1100110000000000000000000000000000000000000000000000000000000000000000000000000000000000000000000000000000000000000000000000000000000000000000000000000000000000000000000000000000000000000000000000000000000000000000000000000000000000000000000000000000000000
1000100000000000000000000000000000000000000000000000000000000000000000000000000000000000000000000000000000000000000000000000000000000000000000000000000000000000000000000000000000000000000000000000000000000000000000000000000000000000000000000000000000000000
1111000000000000000000000000000000000000000000000000000000000000000000000000000000000000000000000000000000000000000000000000000000000000000000000000000000000000000000000000000000000000000000000000000000000000000000000000000000000000000000000000000000000000
1010000000000000000000000000000000000000000000000000000000000000000000000000000000000000000000000000000000000000000000000000000000000000000000000000000000000000000000000000000000000000000000000000000000000000000000000000000000000000000000000000000000000000
1100000000000000000000000000000000000000000000000000000000000000000000000000000000000000000000000000000000000000000000000000000000000000000000000000000000000000000000000000000000000000000000000000000000000000000000000000000000000000000000000000000000000000
1000000000000000000000000000000000000000000000000000000000000000000000000000000000000000000000000000000000000000000000000000000000000000000000000000000000000000000000000000000000000000000000000000000000000000000000000000000000000000000000000000000000000000
