11111111111111111111111111111111
10101010101010101010101010101010
10011001100110011001100110011001
10001000100010001000100010001000
11110000111100001111000011110000
10100000101000001010000010100000
10010000100100001001000010010000
10000000100000001000000010000000
11111111000000001111111100000000
10101010000000001010101000000000
10011001000000001001100100000000
10001000000000001000100000000000
11110000000000001111000000000000
10100000000000001010000000000000
10010000000000001001000000000000
10000000000000001000000000000000
11111111111111110000000000000000
10101010101010100000000000000000
10011001100110010000000000000000
10001000100010000000000000000000
11110000111100000000000000000000
10100000101000000000000000000000
10010000100100000000000000000000
10000000100000000000000000000000
11111111000000000000000000000000
10101010000000000000000000000000
10011001000000000000000000000000
10001000000000000000000000000000
11110000000000000000000000000000
10100000000000000000000000000000
10010000000000000000000000000000
10000000000000000000000000000000
