1111111111111111111111111111111111111111111111111111111111111111
0101010101010101010101010101010101010101010101010101010101010101
0011001100110011001100110011001100110011001100110011001100110011
0001000100010001000100010001000100010001000100010001000100010001
0000111100001111000011110000111100001111000011110000111100001111
0000010100000101000001010000010100000101000001010000010100000101
0000001100000011000000110000001100000011000000110000001100000011
0000000100000001000000010000000100000001000000010000000100000001
0000000011111111000000001111111100000000111111110000000011111111
0000000001010101000000000101010100000000010101010000000001010101
0000000000110011000000000011001100000000001100110000000000110011
0000000000010001000000000001000100000000000100010000000000010001
0000000000001111000000000000111100000000000011110000000000001111
0000000000000101000000000000010100000000000001010000000000000101
0000000000000011000000000000001100000000000000110000000000000011
0000000000000001000000000000000100000000000000010000000000000001
0000000000000000111111111111111100000000000000001111111111111111
0000000000000000010101010101010100000000000000000101010101010101
0000000000000000001100110011001100000000000000000011001100110011
0000000000000000000100010001000100000000000000000001000100010001
0000000000000000000011110000111100000000000000000000111100001111
0000000000000000000001010000010100000000000000000000010100000101
0000000000000000000000110000001100000000000000000000001100000011
0000000000000000000000010000000100000000000000000000000100000001
0000000000000000000000001111111100000000000000000000000011111111
0000000000000000000000000101010100000000000000000000000001010101
0000000000000000000000000011001100000000000000000000000000110011
0000000000000000000000000001000100000000000000000000000000010001
0000000000000000000000000000111100000000000000000000000000001111
0000000000000000000000000000010100000000000000000000000000000101
0000000000000000000000000000001100000000000000000000000000000011
0000000000000000000000000000000100000000000000000000000000000001
0000000000000000000000000000000011111111111111111111111111111111
0000000000000000000000000000000001010101010101010101010101010101
0000000000000000000000000000000000110011001100110011001100110011
0000000000000000000000000000000000010001000100010001000100010001
0000000000000000000000000000000000001111000011110000111100001111
0000000000000000000000000000000000000101000001010000010100000101
0000000000000000000000000000000000000011000000110000001100000011
0000000000000000000000000000000000000001000000010000000100000001
0000000000000000000000000000000000000000111111110000000011111111
0000000000000000000000000000000000000000010101010000000001010101
0000000000000000000000000000000000000000001100110000000000110011
0000000000000000000000000000000000000000000100010000000000010001
0000000000000000000000000000000000000000000011110000000000001111
0000000000000000000000000000000000000000000001010000000000000101
0000000000000000000000000000000000000000000000110000000000000011
0000000000000000000000000000000000000000000000010000000000000001
0000000000000000000000000000000000000000000000001111111111111111
0000000000000000000000000000000000000000000000000101010101010101
0000000000000000000000000000000000000000000000000011001100110011
0000000000000000000000000000000000000000000000000001000100010001
0000000000000000000000000000000000000000000000000000111100001111
0000000000000000000000000000000000000000000000000000010100000101
0000000000000000000000000000000000000000000000000000001100000011
0000000000000000000000000000000000000000000000000000000100000001
0000000000000000000000000000000000000000000000000000000011111111
0000000000000000000000000000000000000000000000000000000001010101
0000000000000000000000000000000000000000000000000000000000110011
0000000000000000000000000000000000000000000000000000000000010001
0000000000000000000000000000000000000000000000000000000000001111
0000000000000000000000000000000000000000000000000000000000000101
0000000000000000000000000000000000000000000000000000000000000011
0000000000000000000000000000000000000000000000000000000000000001
