These are all the matches of 1D spaces to unique 2D spaces:

1111      1111    0001
1111      1111    0010
1111      1111    0011

1100      1111    0011
1100      1110    0010
1100      1101    0001
1100      1100    0100
1100      1100    0101
1100      1100    0110
1100      1100    0111

1110      1111    0001
1110      1110    0010
1110      1110    0011

1101      1111    0010
1101      1110    0011
1101      1101    0001

0011      1111    0011
0011      1110    0011
0011      0011    0001

0001      1111    0001
0001      1101    0001
0001      0011    0001

0010      1111    0010
0010      1110    0010
0010      0011    0001

