There are 114 different chains of subspaces for sigma where sigma switches the first two quarters of the vector.
Here they are:

1100     0001     0010     0100     
1100     0001     0100     0010     
1100     0001     0110     0010     
1100     0010     0001     0100     
1100     0010     0100     0001     
1100     0010     0101     0001     
1100     0011     0001     0100     
1100     0011     0100     0001     
1100     0011     0101     0001     
1100     0100     0001     0010     
1100     0100     0010     0001     
1100     0100     0011     0001     
1100     0101     0001     0010     
1100     0101     0010     0001     
1100     0101     0011     0001     
1100     0110     0001     0010     
1100     0110     0010     0001     
1100     0110     0011     0001     
1100     0111     0001     0010     
1100     0111     0010     0001     
1100     0111     0011     0001     
1111     0001     0010     0100     
1111     0010     0001     0100     
1111     0011     0001     0100     
1111     0011     0100     0001     
1111     0011     0101     0001     
1110     0001     0010     0100     
1110     0010     0001     0100     
1110     0010     0100     0001     
1110     0010     0101     0001     
1110     0011     0001     0100     
1101     0001     0010     0100     
1101     0001     0100     0010     
1101     0001     0110     0010     
1101     0010     0001     0100     
1101     0011     0001     0100     
0011     0001     1100     0100     
0011     1100     0001     0100     
0011     1100     0100     0001     
0011     1100     0101     0001     
0011     1100     0101     0010     
0011     1100     0101     0100     
0011     1100     0101     0111     
0011     1100     0101     1000     
0011     1100     0101     1011     
0011     1100     0101     1101     
0011     1100     0101     1110     
0011     1100     0110     0001     
0011     1100     0110     0010     
0011     1100     0110     0100     
0011     1100     0110     0111     
0011     1100     0110     1000     
0011     1100     0110     1011     
0011     1100     0110     1101     
0011     1100     0110     1110     
0011     1100     1010     0001     
0011     1100     1010     0010     
0011     1100     1010     0100     
0011     1100     1010     0111     
0011     1100     1010     1000     
0011     1100     1010     1011     
0011     1100     1010     1101     
0011     1100     1010     1110     
0011     1101     0001     0100     
0010     0001     1100     0100     
0010     1100     0001     0100     
0010     1100     0100     0001     
0010     1100     0101     0001     
0010     1100     0101     0011     
0010     1100     0101     0100     
0010     1100     0101     0110     
0010     1100     0101     1000     
0010     1100     0101     1010     
0010     1100     0101     1101     
0010     1100     0111     0001     
0010     1100     0111     0011     
0010     1100     0111     0100     
0010     1100     0111     0110     
0010     1100     0111     1000     
0010     1100     0111     1010     
0010     1100     0111     1101     
0010     1100     1011     0001     
0010     1100     1011     0011     
0010     1100     1011     0100     
0010     1100     1011     0110     
0010     1100     1011     1000     
0010     1100     1011     1010     
0010     1100     1011     1101     
0010     1101     0001     0100     
0001     0010     1100     0100     
0001     1100     0010     0100     
0001     1100     0100     0010     
0001     1100     0110     0010     
0001     1100     0110     0011     
0001     1100     0110     0100     
0001     1100     0110     0101     
0001     1100     0110     1000     
0001     1100     0110     1001     
0001     1100     0110     1110     
0001     1100     0111     0010     
0001     1100     0111     0011     
0001     1100     0111     0100     
0001     1100     0111     0101     
0001     1100     0111     1000     
0001     1100     0111     1001     
0001     1100     0111     1110     
0001     1100     1011     0010     
0001     1100     1011     0011     
0001     1100     1011     0100     
0001     1100     1011     0101     
0001     1100     1011     1000     
0001     1100     1011     1001     
0001     1100     1011     1110     
0001     1110     0010     0100     
