There are 15 different chains of subspaces for sigma where sigma switches the halves of the vectors.
Here they are:

1111     0011     0101     0001     
1111     0101     0001     0010     
1111     0101     0010     0001     
1111     0101     0011     0001     
1111     0110     0011     0001     
1010     0010     0101     0001     
1010     0101     0001     0010     
1010     0101     0010     0001     
1010     0101     0011     0001     
1010     0111     0010     0001     
0101     0001     1010     0010     
0101     1010     0001     0010     
0101     1010     0010     0001     
0101     1010     0011     0001     
0101     1011     0001     0010     


